RESULTS for: "SCIBERT" retrieval on "TRAIN" dataset.
	Hit-one: 0.9703337453646477
	Hit-all: 0.9592088998763906
	RECALL: 0.9379432624113475
	PRECISION: 0.9981132075471698
	F1: 0.96709323583181