RESULTS for: "BM25" retrieval on "TRAIN" dataset with K=3.
	Hit-one: 0.9110012360939431
	Hit-all: 0.8850432632880099
	RECALL: 0.8102836879432624
	PRECISION: 0.18829831067161104
	F1: 0.3055834169174189