RESULTS for: "BGE_M3" retrieval on "DEV" dataset.
	Hit-one: 0.9
	Hit-all: 0.8766666666666667
	RECALL: 0.7559808612440191
	PRECISION: 0.4010152284263959
	F1: 0.5240464344941956