RESULTS for: "TFIDF" retrieval on "DEV" dataset with K=3.
	Hit-one: 0.8466666666666667
	Hit-all: 0.8333333333333334
	RECALL: 0.69377990430622
	PRECISION: 0.16111111111111112
	F1: 0.26149684400360684