RESULTS for: "BM25" retrieval on "DEV" dataset with K=3.
	Hit-one: 0.9033333333333333
	Hit-all: 0.88
	RECALL: 0.7799043062200957
	PRECISION: 0.1811111111111111
	F1: 0.2939585211902615