RESULTS for: "BIOBERT" retrieval on "DEV" dataset.
	Hit-one: 0.7833333333333333
	Hit-all: 0.7633333333333333
	RECALL: 0.6267942583732058
	PRECISION: 0.8618421052631579
	F1: 0.7257617728531855