RESULTS for: "BERT" retrieval on "DEV" dataset.
	Hit-one: 0.7366666666666667
	Hit-all: 0.7166666666666667
	RECALL: 0.5598086124401914
	PRECISION: 0.8013698630136986
	F1: 0.6591549295774648