RESULTS for: "BGE-M3" retrieval on "TRAIN" dataset .
	Hit-one: 0.9258343634116193
	Hit-all: 0.896168108776267
	RECALL: 0.799645390070922
	PRECISION: 0.42507068803016024
	F1: 0.555076923076923