**These are manually added experimental results for BioBERT-large.**

RUNNING ABSTRACT RETRIEVAL EVALUATION FOR 'train' DATASET.

RESULTS for: "BIOBERT" retrieval on "TRAIN" dataset.
	Hit-one: 0.9715698393077874
	Hit-all: 0.9604449938195303
	RECALL: 0.9379432624113475
	PRECISION: 0.983271375464684
	F1: 0.9600725952813067