RESULTS for: "SCIBERT" retrieval on "DEV" dataset.
	Hit-one: 0.79
	Hit-all: 0.77
	RECALL: 0.6363636363636364
	PRECISION: 0.8159509202453987
	F1: 0.7150537634408601