RESULTS for: "BIOBERT" retrieval on "TRAIN" dataset.
	Hit-one: 0.9715698393077874
	Hit-all: 0.9604449938195303
	RECALL: 0.9397163120567376
	PRECISION: 0.9981167608286252
	F1: 0.9680365296803652