RESULTS for: "BERT" retrieval on "TRAIN" dataset.
	Hit-one: 0.9517923362175525
	Hit-all: 0.9406674907292955
	RECALL: 0.9113475177304965
	PRECISION: 0.9941972920696325
	F1: 0.9509713228492136