RESULTS for: "TFIDF" retrieval on "TRAIN" dataset with K=3.
	Hit-one: 0.865265760197775
	Hit-all: 0.8355995055624228
	RECALL: 0.7322695035460993
	PRECISION: 0.17016893283889575
	F1: 0.2761618187897024